Komi  (1374,122)  (1347,148)  (1347,121)  (1400,149)  (1374,95)  (1401,95)  (1401,122)  (1345,94)  (1373,175)  (1346,175)  (1402,176)  (1381,68)  (1408,68)  (1428,95)  (1318,94)  (1435,61)  (1375,202)  (1386,41)  (1455,88)  (1413,34)  (1440,34)  (1462,61)  (1467,29)  (1456,2) 
Kazakhstan  (1579,423)  (1552,449)  (1552,422)  (1605,450)  (1579,396)  (1606,396)  (1606,423)  (1525,463)  (1525,436)  (1525,409)  (1632,450)  (1632,477)  (1605,477)  (1633,373)  (1633,400)  (1498,463)  (1498,436)  (1659,427)  (1659,454)  (1659,481)  (1632,504)  (1605,504)  (1660,363)  (1660,390)  (1663,508)  (1684,336)  (1471,473)  (1471,446)  (1686,417)  (1686,444)  (1686,471)  (1636,531)  (1687,363)  (1687,390)  (1690,498)  (1690,525)  (1663,535)  (1711,320)  (1444,496)  (1444,469)  (1444,442)  (1713,417)  (1713,444)  (1713,471)  (1714,347)  (1714,374)  (1717,498)  (1673,562)  (1738,315)  (1417,471)  (1417,444) 
Syria  (1251,743)  (1256,770)  (1261,716)  (1278,743)  (1288,711) 
Solomon Islands  (2471,1209) 
South Africa Sea Zone  (1176,1713)  (1149,1739)  (1149,1712)  (1202,1740)  (1176,1686)  (1203,1686)  (1203,1713)  (1122,1762)  (1229,1740)  (1191,1659)  (1218,1659)  (1230,1686)  (1230,1713)  (1245,1644)  (1095,1762)  (1256,1740)  (1213,1632)  (1257,1671)  (1257,1698)  (1240,1617)  (1283,1731)  (1283,1758) 
Chukchi Sea  (2644,60)  (2617,86)  (2617,59)  (2670,87)  (2644,33)  (2671,33)  (2671,60)  (2615,32)  (2643,113)  (2616,113)  (2590,86)  (2590,59)  (2697,87)  (2697,114)  (2670,114)  (2589,114)  (2642,6)  (2669,6)  (2696,6)  (2698,33)  (2698,60)  (2588,32)  (2588,5)  (2615,5)  (2723,0)  (2563,87)  (2563,60)  (2724,87)  (2724,114)  (2562,116)  (2725,27)  (2725,54)  (2561,33)  (2561,6)  (2750,0)  (2536,89)  (2536,62)  (2751,81)  (2751,108)  (2535,117)  (2752,27)  (2752,54)  (2534,35)  (2534,8)  (2777,0)  (2509,90)  (2509,63)  (2778,81)  (2778,108)  (2508,117)  (2779,27)  (2779,54) 
Marshall Islands  (2555,1104) 
Panama  (110,1036) 
Marshall Islands Sea Zone  (2483,952)  (2483,979)  (2483,1006)  (2483,1033)  (2483,1060)  (2483,1087)  (2483,1114)  (2510,952)  (2510,979)  (2510,1006)  (2510,1033)  (2510,1060)  (2510,1087)  (2510,1114)  (2537,952)  (2537,979)  (2537,1006)  (2537,1033)  (2537,1060)  (2537,1132)  (2564,952)  (2564,979)  (2564,1006)  (2564,1033)  (2564,1060)  (2564,1139)  (2584,1087)  (2591,952)  (2591,979)  (2591,1006)  (2591,1033)  (2591,1060)  (2591,1137)  (2611,1087)  (2618,952)  (2618,979)  (2618,1006)  (2618,1033)  (2618,1060)  (2618,1114)  (2618,1141)  (2638,1087)  (2645,1057)  (2645,1114)  (2645,1141) 
Kamchatka  (2455,223)  (2428,249)  (2428,222)  (2461,250)  (2455,196)  (2482,196)  (2482,223)  (2451,277)  (2443,169)  (2470,169)  (2497,169)  (2509,196)  (2524,154)  (2451,304)  (2424,314)  (2456,331)  (2456,358) 
Irish Sea  (573,347)  (546,373)  (546,346)  (599,374)  (573,320)  (600,320)  (600,347)  (544,319)  (572,400)  (545,400)  (626,374)  (626,401)  (599,401)  (571,293)  (598,293)  (625,293)  (627,320)  (627,347)  (522,292)  (652,268)  (572,427)  (545,427)  (653,374)  (653,401)  (653,428)  (626,428)  (599,428)  (549,266)  (576,266)  (603,266)  (654,295)  (654,322)  (522,265)  (630,241)  (657,241)  (679,268)  (680,408)  (680,435)  (549,239)  (576,239)  (603,239)  (681,295)  (681,322)  (522,238)  (684,236)  (630,214)  (657,214)  (706,263)  (707,415)  (549,212)  (576,212)  (603,212)  (708,290) 
Galapagos  (3021,1139) 
Argentina  (242,1429)  (215,1455)  (215,1428)  (268,1456)  (242,1402)  (269,1402)  (269,1429)  (213,1401)  (241,1482)  (214,1482)  (240,1375)  (267,1375)  (296,1407)  (296,1434)  (202,1374)  (227,1509)  (200,1509)  (323,1407)  (211,1536)  (198,1563)  (196,1590) 
Falkland Islands  (421,1682) 
Quebec Sea Zone  (389,388)  (415,415)  (393,361)  (416,388)  (420,357)  (442,415)  (442,442)  (443,384)  (447,332)  (469,411)  (451,469)  (424,469)  (470,359)  (474,332)  (451,496)  (451,523)  (350,525)  (383,561)  (451,563)  (424,563)  (397,588)  (370,588)  (451,590)  (424,590)  (343,597)  (397,615)  (370,615)  (451,617)  (424,617)  (343,624) 
Western Gulf of Mexico  (3181,825) 
Congo  (982,1256)  (955,1282)  (955,1255)  (1008,1283)  (982,1229)  (1009,1229)  (1009,1256)  (953,1228)  (981,1309)  (954,1309)  (928,1282)  (928,1255)  (1035,1283)  (1035,1310)  (1008,1310)  (980,1202)  (1007,1202)  (1034,1202)  (1036,1229)  (1036,1256)  (926,1228)  (1061,1177)  (981,1336)  (954,1336)  (1057,1337)  (1030,1337)  (1063,1204)  (1063,1231)  (1063,1258)  (1065,1150)  (1088,1177)  (1003,1363)  (976,1363)  (1060,1364)  (1033,1364)  (1090,1204)  (1090,1231)  (1092,1150)  (1115,1177)  (1117,1204)  (1119,1134) 
West Germany  (906,436)  (932,463)  (905,463)  (882,409)  (909,409)  (933,436)  (936,406)  (959,463)  (959,490)  (932,490)  (905,490)  (882,382)  (909,382)  (960,433)  (986,460)  (986,487)  (1013,447)  (1013,474)  (1040,448) 
Bay of Bengal/South China Sea  (1810,1031)  (1796,1004)  (1823,1004)  (1796,977)  (1906,1043)  (1946,1083)  (1953,1110)  (1953,1137)  (1973,1068)  (1980,1095)  (1980,1122)  (1984,1041)  (1989,902)  (1996,1014)  (1999,929)  (2000,1068)  (2007,956)  (2011,1041)  (2014,983) 
Rio de Janeiro Sea Zone  (428,1382)  (401,1408)  (454,1409)  (440,1355)  (455,1382)  (467,1343)  (427,1435)  (481,1409)  (481,1436)  (454,1436)  (482,1370)  (457,1316)  (484,1316)  (494,1343)  (508,1397)  (508,1424)  (509,1370)  (511,1299)  (474,1289)  (521,1326)  (535,1397)  (535,1424)  (536,1353)  (501,1272)  (528,1272)  (538,1299)  (548,1326)  (555,1255)  (562,1380)  (562,1407)  (562,1434)  (563,1353)  (501,1245)  (528,1245)  (565,1282)  (555,1228)  (503,1218) 
Alaska Sea Zone  (2774,409)  (2747,429)  (2747,402)  (2774,382)  (2801,409)  (2747,375) 
Finland  (1031,186)  (1049,213)  (1045,159)  (1058,186)  (1044,132)  (1036,105) 
Sumatra  (1866,1212)  (1892,1239)  (1865,1239)  (1846,1185)  (1873,1185)  (1893,1212)  (1841,1158)  (1835,1131) 
Arctic Ocean  (530,159)  (503,166)  (503,139)  (557,160)  (584,168)  (611,168)  (638,163)  (654,133)  (665,160)  (681,133)  (708,132) 
Georgia  (1294,426)  (1320,453)  (1321,412)  (1340,480)  (1313,480)  (1348,412)  (1341,507)  (1314,507)  (1375,405)  (1336,534)  (1309,534)  (1336,561)  (1362,588)  (1335,588) 
Sinkiang  (1712,606)  (1685,632)  (1685,605)  (1738,633)  (1712,579)  (1739,579)  (1739,606)  (1711,659)  (1684,659)  (1765,633)  (1765,660)  (1738,660)  (1732,552)  (1759,552)  (1766,579)  (1766,606)  (1657,662)  (1786,532)  (1792,633)  (1792,660)  (1758,525)  (1793,559)  (1793,586)  (1785,505)  (1812,505)  (1813,532)  (1819,613)  (1819,640)  (1819,667)  (1820,559)  (1820,586)  (1802,478)  (1840,527)  (1847,554)  (1847,581) 
Western Australia  (1942,1505)  (1968,1532)  (1941,1532)  (1930,1478)  (1957,1478)  (1969,1505)  (1984,1463)  (1995,1532)  (1995,1559)  (1968,1559)  (1941,1559)  (1952,1451)  (1996,1490)  (1987,1436)  (2011,1463)  (2014,1433)  (2022,1517)  (2022,1544)  (2022,1571)  (1995,1586)  (1968,1586)  (1941,1586)  (2023,1490)  (2034,1598)  (2038,1460)  (2026,1406)  (2041,1433)  (2049,1517)  (2049,1544)  (2049,1571)  (2007,1613)  (1980,1613)  (1953,1613)  (2050,1487)  (2053,1394)  (2061,1598)  (2061,1625)  (2034,1625)  (2065,1460)  (2068,1422)  (2007,1640)  (1980,1640)  (1953,1640)  (1964,1667) 
Java Sea  (1946,1225)  (1919,1251)  (1919,1224)  (1972,1252)  (1973,1223)  (1917,1197)  (1945,1278)  (1918,1278)  (1892,1251)  (1892,1224)  (1999,1250)  (1999,1277)  (1972,1279)  (1891,1279)  (1890,1197)  (1890,1170)  (2024,1304)  (1945,1305)  (1918,1305)  (1865,1252)  (1865,1225)  (2026,1271)  (1997,1306)  (1891,1306)  (1864,1306)  (1864,1279)  (1863,1198)  (1863,1171)  (1863,1144)  (2051,1298)  (1838,1252)  (1838,1225)  (1837,1330)  (1837,1303)  (1837,1117)  (1836,1198)  (1836,1171)  (1836,1144)  (1811,1276)  (1811,1249)  (1810,1330)  (1810,1303)  (1810,1117)  (1810,1090)  (1809,1222)  (1809,1195)  (1809,1168) 
New Zealand Sea Zone  (2428,1503)  (2428,1530)  (2428,1557)  (2428,1584)  (2428,1611)  (2428,1638)  (2428,1665)  (2428,1692)  (2428,1719)  (2428,1746)  (2455,1503)  (2455,1530)  (2455,1557)  (2455,1584)  (2455,1611)  (2455,1638)  (2455,1665)  (2455,1692)  (2455,1719)  (2455,1746)  (2482,1503)  (2482,1530)  (2482,1557)  (2482,1584)  (2482,1611)  (2482,1638)  (2482,1665)  (2482,1692)  (2482,1719)  (2482,1746)  (2509,1503)  (2509,1530)  (2509,1557)  (2509,1584)  (2509,1611)  (2509,1638)  (2509,1720)  (2509,1747)  (2536,1503)  (2536,1530)  (2536,1557)  (2536,1584)  (2536,1611)  (2536,1720)  (2536,1747)  (2559,1687)  (2563,1503)  (2563,1555)  (2563,1582)  (2563,1714)  (2563,1741) 
Madagascar  (1303,1605)  (1329,1632)  (1302,1632)  (1291,1578)  (1318,1578)  (1330,1605)  (1345,1563)  (1331,1659)  (1304,1659)  (1342,1536)  (1334,1686)  (1307,1686) 
Libya  (975,892)  (948,918)  (948,891)  (1001,919)  (975,865)  (1002,865)  (1002,892)  (946,864)  (974,945)  (921,932)  (921,905)  (1028,919)  (1028,946)  (1001,946)  (973,838)  (1000,838)  (1027,838)  (1029,865)  (1029,892)  (919,878)  (919,851)  (946,837)  (1035,973)  (892,883) 
Los Angeles Sea Zone  (2838,688)  (2864,715)  (2837,715)  (2812,661)  (2839,661)  (2865,688)  (2866,660)  (2891,715)  (2891,742)  (2864,742)  (2837,742)  (2812,634)  (2839,634)  (2892,687)  (2866,633)  (2893,633)  (2893,660)  (2918,716)  (2918,743)  (2891,769)  (2864,769)  (2837,769)  (2812,607)  (2839,607)  (2919,770)  (2866,606)  (2812,580)  (2839,580)  (2946,753)  (2946,780)  (2866,579)  (2812,553)  (2839,553)  (2866,552)  (2893,541)  (2812,526)  (2839,526)  (2866,525)  (2812,499)  (2839,499)  (2812,472)  (2839,472) 
Indian Ocean 2  (1651,1493)  (1677,1520)  (1650,1520)  (1627,1466)  (1654,1466)  (1678,1493)  (1681,1463)  (1704,1520)  (1704,1547)  (1677,1547)  (1650,1547)  (1627,1439)  (1654,1439)  (1705,1490)  (1681,1436)  (1708,1436)  (1708,1463)  (1731,1517)  (1731,1544)  (1731,1571)  (1704,1574)  (1677,1574)  (1650,1574)  (1627,1412)  (1654,1412)  (1732,1490)  (1681,1409)  (1708,1409)  (1735,1409)  (1735,1436)  (1735,1463)  (1755,1598)  (1758,1517)  (1758,1544)  (1758,1571)  (1728,1601)  (1701,1601)  (1674,1601)  (1647,1601)  (1627,1385)  (1654,1385)  (1759,1490)  (1681,1382)  (1708,1382)  (1735,1382)  (1762,1382)  (1762,1409)  (1762,1436)  (1762,1463)  (1782,1598)  (1782,1625) 
Maldives Sea  (1664,1276)  (1637,1302)  (1637,1275)  (1690,1303)  (1664,1249)  (1691,1249)  (1691,1276)  (1635,1248)  (1663,1329)  (1636,1329)  (1717,1303)  (1717,1330)  (1690,1330)  (1662,1222)  (1689,1222)  (1716,1222)  (1718,1249)  (1718,1276)  (1627,1221)  (1743,1197)  (1744,1303)  (1744,1330)  (1654,1195)  (1681,1195)  (1708,1195)  (1745,1224)  (1745,1251)  (1627,1194)  (1770,1177)  (1771,1278)  (1771,1305)  (1772,1204)  (1772,1231) 
Indian Ocean 1  (1439,1450)  (1412,1476)  (1412,1449)  (1465,1477)  (1439,1423)  (1466,1423)  (1466,1450)  (1410,1422)  (1438,1503)  (1411,1503)  (1492,1477)  (1492,1504)  (1465,1504)  (1437,1396)  (1464,1396)  (1491,1396)  (1493,1423)  (1493,1450)  (1387,1395)  (1518,1371)  (1438,1530)  (1411,1530)  (1519,1477)  (1519,1504)  (1519,1531)  (1492,1531)  (1465,1531)  (1414,1369)  (1441,1369)  (1468,1369)  (1520,1398)  (1520,1425)  (1387,1368)  (1495,1344)  (1522,1344)  (1545,1371)  (1438,1557)  (1411,1557)  (1546,1452)  (1546,1479)  (1546,1506)  (1546,1533)  (1519,1558)  (1492,1558)  (1465,1558)  (1414,1342)  (1441,1342)  (1468,1342)  (1547,1398)  (1547,1425)  (1387,1341)  (1548,1560) 
Sweden  (943,266)  (967,293)  (965,239)  (970,266) 
Poland  (1063,380)  (1082,407)  (1090,357)  (1109,384)  (1109,411)  (1082,434)  (1113,438)  (1117,357)  (1136,384)  (1136,411)  (1086,461)  (1144,357)  (1067,488) 
Jordan  (1213,806)  (1240,797)  (1240,824)  (1258,851)  (1267,797)  (1267,824)  (1285,851)  (1294,792)  (1294,819) 
Indian Ocean 5  (1883,1728)  (1856,1754)  (1856,1727)  (1909,1755)  (1883,1701)  (1910,1701)  (1910,1728)  (1854,1700)  (1829,1762)  (1829,1735)  (1936,1755)  (1937,1703)  (1827,1708)  (1963,1730)  (1963,1757)  (1964,1703)  (1990,1730)  (1990,1757)  (1991,1694)  (2017,1721)  (2017,1748)  (2018,1692)  (2044,1719)  (2044,1746)  (2045,1678)  (2071,1705)  (2071,1732)  (2071,1759)  (2072,1673)  (2098,1700)  (2098,1727)  (2098,1754)  (2099,1672) 
Indian Ocean 4  (1596,1731)  (1622,1758)  (1595,1758)  (1582,1704)  (1609,1704)  (1623,1731)  (1636,1697)  (1649,1758)  (1650,1724)  (1663,1697)  (1676,1751)  (1677,1724)  (1690,1697)  (1703,1751)  (1704,1724)  (1717,1697)  (1730,1751)  (1731,1724)  (1744,1697)  (1757,1751)  (1758,1724)  (1771,1697)  (1784,1751)  (1785,1724)  (1798,1697) 
Indian Ocean 3  (1382,1739)  (1355,1762)  (1355,1735)  (1382,1712)  (1409,1712)  (1409,1739)  (1328,1762)  (1436,1697)  (1436,1724)  (1436,1751)  (1463,1697)  (1463,1724)  (1463,1751)  (1490,1697)  (1490,1724)  (1490,1751)  (1517,1697)  (1517,1724)  (1517,1751)  (1544,1697)  (1544,1724)  (1544,1751) 
Java  (1942,1287) 
Canary Island Sea Zone  (453,848)  (453,875)  (453,902)  (453,929)  (453,956)  (480,848)  (480,875)  (480,902)  (480,929)  (480,956)  (507,848)  (507,875)  (507,922)  (507,949)  (534,848)  (534,875)  (534,927)  (534,954)  (561,848)  (561,875)  (561,919)  (561,946)  (588,848)  (588,875)  (588,902)  (615,848) 
Caroline Islands Sea Zone  (2183,1092)  (2183,1119)  (2210,1092)  (2210,1119)  (2232,952)  (2232,979)  (2232,1006)  (2232,1033)  (2232,1060)  (2237,1087)  (2237,1114)  (2259,952)  (2259,979)  (2259,1006)  (2259,1033)  (2259,1060)  (2264,1087)  (2264,1114)  (2286,952)  (2286,979)  (2286,1006)  (2286,1033)  (2291,1106)  (2291,1133)  (2313,952)  (2313,979)  (2313,1006)  (2318,1121)  (2340,952)  (2340,979)  (2345,1123)  (2367,952)  (2367,979)  (2372,1138)  (2394,952)  (2394,979)  (2395,1006)  (2399,1135)  (2409,1033)  (2415,1060)  (2421,952)  (2421,979)  (2422,1006)  (2422,1087)  (2426,1114)  (2436,1033)  (2442,1060)  (2448,952)  (2448,979)  (2449,1006)  (2449,1087) 
Solomon Islands Sea Zone  (2428,1168)  (2428,1195)  (2428,1222)  (2428,1249)  (2428,1276)  (2428,1303)  (2428,1330)  (2428,1357)  (2428,1384)  (2428,1411)  (2428,1438)  (2428,1465)  (2455,1227)  (2455,1254)  (2455,1281)  (2455,1308)  (2455,1335)  (2455,1362)  (2455,1389)  (2455,1416)  (2455,1443)  (2455,1470)  (2464,1168)  (2482,1229)  (2482,1256)  (2482,1283)  (2482,1310)  (2482,1337)  (2482,1364)  (2482,1391)  (2482,1418)  (2482,1445)  (2482,1472)  (2491,1168)  (2492,1195)  (2509,1222)  (2509,1249)  (2509,1276)  (2509,1303)  (2509,1330)  (2509,1399)  (2509,1426)  (2509,1453)  (2518,1168)  (2519,1195)  (2535,1357)  (2536,1222)  (2536,1249)  (2536,1276)  (2536,1303)  (2536,1330)  (2536,1426)  (2536,1453) 
Borneo/Celebes  (2022,1155)  (2049,1145)  (2049,1172)  (2072,1116)  (2107,1161) 
Drake Passage  (144,1711)  (117,1737)  (117,1710)  (170,1738)  (144,1684)  (171,1684)  (171,1711)  (115,1683)  (90,1762)  (90,1735)  (197,1738)  (142,1657)  (198,1683)  (198,1710)  (88,1708)  (88,1681)  (115,1656)  (86,1654)  (63,1762)  (63,1735)  (224,1737)  (225,1632)  (225,1683)  (225,1710)  (61,1708)  (61,1681)  (59,1654)  (36,1762)  (36,1735)  (251,1737)  (252,1632)  (252,1659)  (252,1686)  (34,1708)  (34,1681)  (32,1654)  (9,1762)  (9,1735)  (278,1713)  (278,1740)  (279,1632)  (279,1659)  (279,1686)  (7,1708)  (7,1681)  (5,1654)  (305,1713)  (305,1740)  (306,1632)  (306,1659)  (306,1686) 
Gulf of Guinea  (646,1324)  (619,1350)  (619,1323)  (672,1351)  (646,1297)  (673,1297)  (673,1324)  (617,1296)  (645,1377)  (618,1377)  (592,1350)  (592,1323)  (699,1351)  (699,1378)  (672,1378)  (644,1270)  (671,1270)  (698,1270)  (700,1297)  (700,1324)  (592,1269)  (725,1267)  (645,1404)  (618,1404)  (726,1351)  (726,1378)  (726,1405)  (699,1405)  (672,1405)  (727,1294)  (727,1321)  (747,1223)  (752,1250)  (645,1431)  (618,1431)  (753,1348)  (753,1375)  (753,1402)  (753,1429)  (726,1432)  (699,1432)  (672,1432)  (754,1277)  (754,1304)  (774,1207)  (779,1234)  (780,1331)  (780,1358)  (780,1385)  (780,1412)  (780,1439) 
Azores  (556,749) 
Western United States  (3051,644)  (3024,670)  (3024,643)  (3077,671)  (3051,617)  (3078,617)  (3078,644)  (3022,616)  (3050,697)  (3023,697)  (2997,670)  (2997,643)  (3104,671)  (3104,698)  (3077,698)  (2996,698)  (3049,590)  (3076,590)  (3103,590)  (3105,617)  (3105,644)  (2995,616)  (2995,589)  (3022,589)  (3130,565)  (3050,724)  (3023,724)  (2970,671)  (2970,644)  (3131,671)  (3131,698)  (3131,725)  (3104,725)  (3077,725)  (2996,725)  (2969,712)  (3049,563)  (3076,563)  (3103,563)  (3132,592)  (3132,619)  (2968,617)  (2968,590)  (2968,563)  (2995,562)  (3022,562)  (3130,538)  (3157,538)  (3157,565)  (3050,751)  (2943,685)  (2943,658) 
Central America  (45,979)  (16,961)  (19,934) 
Gibraltar  (700,706) 
Cyprus  (1169,751) 
Iceland  (592,134)  (619,132) 
French West Africa Sea Zone  (524,1115)  (550,1142)  (523,1142)  (517,1088)  (544,1088)  (551,1115)  (571,1068)  (577,1142)  (577,1169)  (550,1169)  (523,1169)  (517,1061)  (544,1061)  (578,1095)  (571,1041)  (604,1122)  (604,1149)  (604,1176)  (517,1034)  (544,1034)  (611,1203)  (571,1014)  (631,1164)  (517,1007)  (544,1007)  (638,1191)  (638,1218)  (611,1230)  (665,1191)  (665,1218)  (692,1202)  (692,1229)  (719,1210)  (719,1237) 
Hawaiian Islands Sea Zone  (2647,818)  (2647,845)  (2647,872)  (2647,899)  (2647,926)  (2647,953)  (2647,980)  (2647,1007)  (2674,818)  (2674,845)  (2674,872)  (2674,899)  (2674,926)  (2674,953)  (2674,980)  (2674,1007)  (2701,818)  (2701,845)  (2701,872)  (2701,899)  (2701,926)  (2701,953)  (2701,980)  (2701,1007)  (2728,818)  (2728,845)  (2728,903)  (2728,930)  (2728,957)  (2728,984)  (2728,1011)  (2755,818)  (2755,845)  (2755,901)  (2755,928)  (2755,955)  (2755,982)  (2755,1009)  (2770,872)  (2782,818)  (2782,845)  (2782,920)  (2782,947)  (2782,974)  (2782,1001)  (2782,1028)  (2797,872)  (2809,818)  (2809,845)  (2809,936)  (2809,963)  (2809,990)  (2809,1017) 
Yugoslavia  (954,517)  (980,544)  (981,517)  (1007,544)  (1007,571)  (1008,517)  (1034,544)  (1035,517) 
Brazil  (278,1211)  (251,1237)  (251,1210)  (304,1238)  (278,1184)  (305,1184)  (305,1211)  (249,1183)  (277,1264)  (224,1242)  (224,1215)  (331,1238)  (331,1265)  (304,1265)  (276,1157)  (303,1157)  (330,1157)  (332,1184)  (332,1211)  (222,1188)  (222,1161)  (249,1156)  (197,1225)  (358,1238)  (358,1265)  (358,1292)  (331,1292)  (304,1292)  (359,1171)  (359,1198)  (195,1198)  (195,1171)  (235,1129)  (177,1144)  (170,1228)  (385,1225)  (385,1252)  (385,1279)  (385,1306)  (358,1319)  (331,1319)  (304,1319)  (386,1181)  (168,1201)  (399,1333)  (412,1208)  (412,1235)  (412,1262)  (412,1289)  (372,1346)  (345,1346)  (318,1346) 
Algeria  (837,807)  (810,833)  (810,806)  (863,834)  (837,780)  (864,780)  (864,807)  (808,779)  (836,860)  (809,860)  (783,833)  (783,806)  (782,861)  (851,753)  (878,753)  (891,780)  (891,807)  (755,873) 
Columbia Sea Zone  (11,1081)  (37,1108)  (10,1108)  (0,1054)  (27,1054)  (38,1081)  (54,1052)  (49,1135)  (22,1135)  (0,1027)  (27,1027)  (34,1162)  (7,1162)  (0,1000) 
Manchuria  (2092,490)  (2065,516)  (2118,517)  (2109,463)  (2119,490)  (2136,446)  (2091,543)  (2064,543)  (2145,517)  (2146,473)  (2132,419)  (2159,419)  (2163,446)  (2101,570)  (2074,570)  (2172,500)  (2173,473)  (2186,414)  (2147,392)  (2190,441)  (2199,500)  (2200,468)  (2217,417)  (2227,444)  (2227,471)  (2254,442) 
Eastern United States  (142,686)  (115,712)  (115,685)  (163,713)  (142,659)  (169,659)  (169,686)  (113,658)  (136,739)  (109,739)  (88,712)  (88,685)  (164,632)  (191,632)  (196,659)  (86,658)  (86,631)  (113,631)  (82,745)  (218,610)  (131,766)  (61,718)  (61,691)  (223,637)  (59,664)  (59,637)  (59,610)  (116,604)  (55,771)  (38,583)  (65,583)  (245,605)  (34,744)  (34,717)  (32,690)  (32,663)  (32,636)  (28,776)  (11,609)  (11,582)  (38,556)  (65,556)  (10,555)  (7,749)  (7,722)  (5,695)  (5,668)  (5,641) 
Caspian Sea  (1381,553)  (1404,580)  (1373,526)  (1400,509)  (1414,607)  (1419,634) 
Black Sea  (1186,578)  (1185,605)  (1188,551)  (1213,578)  (1240,563)  (1267,553)  (1267,580)  (1294,582) 
New Guinea  (2261,1208)  (2283,1235)  (2310,1220) 
Columbia  (91,1120)  (107,1147)  (95,1093)  (118,1120)  (80,1158)  (122,1089)  (134,1147)  (132,1174)  (145,1116) 
Okinawa  (2291,873) 
Azores Sea Zone  (518,663)  (518,690)  (518,717)  (518,744)  (518,771)  (518,798)  (545,663)  (545,690)  (545,717)  (545,767)  (545,794)  (572,663)  (572,690)  (572,717)  (572,766)  (572,793)  (572,820)  (599,663)  (599,690)  (599,717)  (599,744)  (599,781)  (599,808)  (626,703)  (626,730)  (626,782)  (626,809)  (653,710)  (653,737)  (653,764)  (680,733)  (731,744)  (754,716)  (758,743)  (781,708)  (785,735) 
Italy  (904,574)  (931,592) 
Qinghai  (1878,664)  (1876,691)  (1871,637)  (1905,642)  (1905,669)  (1932,649) 
Afghanistan  (1505,680)  (1531,707)  (1504,707)  (1532,670)  (1559,670) 
New South Wales  (2132,1566)  (2105,1592)  (2105,1565)  (2158,1593)  (2132,1539)  (2159,1539)  (2159,1566)  (2103,1538)  (2131,1619)  (2104,1619)  (2185,1593)  (2185,1620)  (2158,1620)  (2130,1512)  (2157,1512)  (2184,1512)  (2186,1539)  (2186,1566)  (2096,1511)  (2211,1487)  (2212,1593)  (2212,1620)  (2212,1647)  (2185,1647)  (2158,1647)  (2213,1514)  (2213,1541)  (2238,1487)  (2239,1568)  (2239,1595)  (2239,1622)  (2239,1649)  (2212,1674)  (2185,1674)  (2240,1514)  (2240,1541)  (2241,1676)  (2265,1487)  (2266,1568)  (2266,1595)  (2266,1622)  (2266,1649)  (2214,1701)  (2267,1514)  (2267,1541)  (2268,1676)  (2268,1703)  (2241,1703)  (2292,1487)  (2293,1568)  (2293,1595)  (2293,1622)  (2293,1649) 
Singapore  (1916,1107) 
Western Canada  (3023,313)  (2996,339)  (2996,312)  (3049,340)  (3023,286)  (3050,286)  (3050,313)  (2994,285)  (3022,366)  (2995,366)  (2969,339)  (2969,312)  (3076,340)  (3076,367)  (3049,367)  (2968,367)  (3021,259)  (3048,259)  (3075,259)  (3077,286)  (3077,313)  (2967,285)  (2967,258)  (2994,258)  (3102,234)  (3022,393)  (2995,393)  (2942,340)  (2942,313)  (3103,340)  (3103,367)  (3103,394)  (3076,394)  (3049,394)  (2968,394)  (2941,394)  (2941,367)  (3021,232)  (3048,232)  (3075,232)  (3104,261)  (3104,288)  (2940,286)  (2940,259)  (2940,232)  (2967,231)  (2994,231)  (3102,207)  (3129,207)  (3129,234)  (3022,420)  (2995,420)  (2915,340)  (2915,313) 
Persian Gulf  (1389,1066)  (1416,1049)  (1423,1076)  (1426,1103)  (1438,1022)  (1443,1049)  (1450,1076)  (1453,1103)  (1453,1130)  (1426,1130)  (1460,995)  (1465,1022)  (1470,1049)  (1477,1076)  (1480,1103)  (1480,1130)  (1480,1157)  (1453,1157)  (1426,1157)  (1474,968)  (1399,1166)  (1485,1184)  (1458,1184)  (1431,1184)  (1484,941)  (1404,1193)  (1377,1198)  (1485,1211)  (1458,1211)  (1431,1211)  (1404,1220)  (1377,1225)  (1485,1238)  (1458,1238)  (1431,1238)  (1350,1240)  (1485,852)  (1452,829) 
Madagascar Sea Zone  (1323,1374)  (1296,1400)  (1296,1373)  (1349,1401)  (1323,1347)  (1350,1347)  (1350,1374)  (1294,1346)  (1322,1427)  (1295,1427)  (1360,1428)  (1321,1320)  (1348,1320)  (1271,1319)  (1333,1454)  (1306,1454)  (1360,1455)  (1298,1293)  (1325,1293)  (1352,1293)  (1333,1481)  (1306,1481)  (1279,1486)  (1316,1508)  (1289,1513)  (1262,1513)  (1279,1540)  (1252,1548)  (1225,1565)  (1264,1575) 
East Germany  (969,366)  (996,367)  (997,394)  (1024,395) 
Russia  (1485,254)  (1458,280)  (1458,253)  (1511,281)  (1485,227)  (1512,227)  (1512,254)  (1456,226)  (1484,307)  (1457,307)  (1431,280)  (1431,253)  (1538,281)  (1538,308)  (1511,308)  (1430,308)  (1483,200)  (1510,200)  (1537,200)  (1539,227)  (1539,254)  (1429,226)  (1433,199)  (1564,175)  (1484,334)  (1457,334)  (1404,280)  (1404,253)  (1565,281)  (1565,308)  (1565,335)  (1538,335)  (1511,335)  (1430,335)  (1460,173)  (1487,173)  (1514,173)  (1566,202)  (1566,229)  (1541,148)  (1568,148)  (1591,175)  (1484,361)  (1457,361)  (1592,256)  (1592,283)  (1592,310)  (1592,337)  (1556,362)  (1529,362)  (1430,362) 
Karelia  (1187,191)  (1160,217)  (1160,190)  (1213,218)  (1187,164)  (1214,164)  (1214,191)  (1133,209)  (1133,182)  (1240,218)  (1207,245)  (1186,137)  (1213,137)  (1240,137)  (1241,164)  (1241,191)  (1265,245)  (1106,212)  (1106,185)  (1106,158)  (1267,111)  (1267,218)  (1268,138)  (1268,165)  (1132,101)  (1086,91)  (1294,192)  (1294,219)  (1295,125)  (1295,152)  (1069,64)  (1321,220) 
Alaska  (2704,252)  (2677,278)  (2677,251)  (2730,279)  (2704,225)  (2731,225)  (2731,252)  (2672,206)  (2703,305)  (2676,305)  (2650,278)  (2757,279)  (2757,306)  (2730,306)  (2649,306)  (2699,198)  (2726,198)  (2753,198)  (2758,225)  (2758,252)  (2668,333)  (2622,306)  (2696,171)  (2723,171)  (2750,171)  (2714,144)  (2741,144)  (2768,144)  (2812,346) 
Gulf of Mexico  (192,768)  (165,794)  (218,795)  (189,741)  (216,741)  (219,768)  (243,717)  (191,821)  (164,821)  (245,795)  (245,822)  (218,822)  (201,714)  (246,744)  (116,844)  (114,817)  (228,690)  (255,690)  (270,717)  (272,771)  (272,798)  (272,825)  (273,744)  (282,678)  (89,845)  (87,818)  (297,705)  (299,771)  (299,798)  (299,825)  (300,732)  (269,651)  (296,651)  (309,678)  (62,845)  (60,818)  (276,624)  (35,845)  (33,818)  (8,845)  (6,818) 
Hunan  (2021,804)  (2047,831)  (2020,831)  (2040,777)  (2048,804)  (2067,767)  (2074,831)  (2075,794) 
Romania  (1089,534)  (1115,561)  (1088,561)  (1102,507)  (1116,534)  (1129,494)  (1141,588)  (1114,588)  (1143,521)  (1143,548) 
Buenos Aires Sea Zone  (345,1522)  (318,1548)  (318,1521)  (371,1549)  (345,1495)  (372,1495)  (372,1522)  (316,1494)  (344,1575)  (317,1575)  (291,1548)  (291,1521)  (398,1549)  (398,1576)  (371,1576)  (290,1576)  (343,1468)  (370,1468)  (397,1468)  (399,1495)  (399,1522)  (424,1467)  (344,1602)  (317,1602)  (264,1549)  (425,1549)  (425,1576)  (425,1603)  (398,1603)  (371,1603)  (290,1603)  (263,1603)  (263,1576)  (348,1441)  (375,1441)  (426,1494)  (426,1521)  (451,1467)  (452,1548)  (452,1575)  (452,1602)  (236,1605)  (236,1578)  (453,1494)  (453,1521)  (478,1467)  (479,1548)  (479,1575)  (479,1602)  (480,1494)  (480,1521) 
Philippines  (2107,946) 
Quebec  (292,435)  (265,461)  (265,434)  (318,462)  (292,408)  (319,408)  (319,435)  (263,407)  (291,488)  (264,488)  (238,452)  (345,462)  (290,381)  (317,381)  (346,417)  (236,425)  (236,398)  (263,380)  (227,371)  (372,444)  (209,450)  (209,423)  (254,353)  (221,344)  (386,517)  (301,537)  (248,326)  (221,317)  (316,564) 
Philippines Sea Zone  (2043,980)  (2043,1007)  (2043,1034)  (2043,1061)  (2068,953)  (2070,980)  (2070,1007)  (2070,1034)  (2070,1061)  (2097,992)  (2097,1019)  (2097,1046)  (2102,915)  (2124,1047)  (2127,888)  (2128,961)  (2129,915)  (2151,861)  (2151,1050)  (2154,888)  (2155,942)  (2155,969)  (2156,915)  (2161,996)  (2165,1023)  (2176,834)  (2178,861)  (2178,1050)  (2181,888)  (2182,942)  (2182,969)  (2183,915)  (2188,996)  (2192,1023)  (2203,815)  (2205,842)  (2205,1050) 
South Pacific 2  (2844,1211)  (2870,1238)  (2843,1238)  (2837,1184)  (2864,1184)  (2871,1211)  (2891,1164)  (2897,1238)  (2897,1265)  (2870,1265)  (2843,1265)  (2837,1157)  (2864,1157)  (2898,1191)  (2891,1137)  (2918,1137)  (2918,1164)  (2924,1218)  (2924,1245)  (2924,1272)  (2897,1292)  (2870,1292)  (2843,1292)  (2837,1130)  (2864,1130)  (2925,1191)  (2931,1299)  (2891,1110)  (2918,1110)  (2945,1110)  (2945,1137)  (2945,1164)  (2904,1319)  (2877,1319)  (2850,1319)  (2837,1103)  (2864,1103)  (2950,1326)  (2891,1083)  (2918,1083)  (2945,1083)  (2923,1346)  (2896,1346)  (2869,1346)  (2842,1346)  (2837,1076)  (2864,1076)  (2950,1353) 
Arabian Sea/Bay of Bengal  (1548,1099)  (1521,1125)  (1521,1098)  (1574,1126)  (1548,1072)  (1575,1072)  (1575,1099)  (1519,1071)  (1601,1126)  (1546,1045)  (1573,1045)  (1602,1050)  (1602,1077)  (1512,1044)  (1628,1104)  (1628,1131)  (1539,1018)  (1566,1018)  (1512,1017)  (1655,1118)  (1655,1145)  (1539,991)  (1566,991)  (1512,990)  (1682,1118)  (1682,1145)  (1539,964)  (1566,964)  (1512,963)  (1694,1091)  (1703,1057)  (1709,1011)  (1709,1118)  (1709,1145)  (1539,937)  (1512,936)  (1720,984)  (1721,1084)  (1730,1038)  (1736,1011)  (1736,1111)  (1736,1138)  (1512,909)  (1747,963)  (1748,1065)  (1757,1038)  (1763,990)  (1763,1092)  (1763,1119)  (1763,1146)  (1512,882) 
Jiangsu  (2032,672)  (2058,699)  (2031,699)  (2037,645)  (2059,672)  (2064,640)  (2085,699)  (2085,726)  (2086,667) 
South Pacific 1  (2697,1204)  (2723,1231)  (2696,1231)  (2687,1177)  (2714,1177)  (2724,1204)  (2741,1160)  (2750,1231)  (2750,1258)  (2723,1258)  (2696,1258)  (2688,1150)  (2751,1187)  (2715,1133)  (2742,1133)  (2768,1160)  (2769,1132)  (2777,1214)  (2777,1241)  (2777,1268)  (2750,1285)  (2723,1285)  (2696,1285)  (2687,1123)  (2778,1187)  (2787,1295)  (2714,1106)  (2741,1106)  (2795,1159)  (2768,1105)  (2795,1105)  (2796,1132)  (2804,1214)  (2804,1241)  (2804,1268)  (2760,1312)  (2733,1312)  (2706,1312)  (2686,1096)  (2805,1186)  (2810,1322)  (2713,1079)  (2740,1079)  (2767,1078)  (2794,1078)  (2783,1339)  (2756,1339)  (2729,1339)  (2702,1339)  (2686,1069)  (2810,1349) 
Angola  (971,1458)  (997,1485)  (970,1485)  (976,1431)  (998,1458)  (1003,1426)  (977,1512)  (976,1404)  (1025,1453)  (1025,1480)  (1003,1399)  (1030,1399)  (1030,1426)  (1052,1453)  (1057,1404)  (1079,1451) 
Sudan  (1087,1033)  (1060,1055)  (1060,1028)  (1113,1060)  (1087,1006)  (1114,1006)  (1114,1033)  (1086,1082)  (1140,1060)  (1140,1087)  (1113,1087)  (1141,982)  (1141,1009)  (1086,1109)  (1167,1036)  (1167,1063)  (1167,1090)  (1168,979)  (1168,1006)  (1170,1117)  (1194,1033)  (1194,1060)  (1194,1087)  (1195,977)  (1195,1004)  (1221,1031)  (1222,993) 
Tibet  (1726,731)  (1699,741)  (1699,714)  (1752,758)  (1726,704)  (1753,704)  (1753,731)  (1779,758)  (1779,785)  (1780,699)  (1780,726)  (1806,753)  (1806,780)  (1807,699)  (1807,726)  (1833,753)  (1834,718) 
Western Siberia  (1825,168)  (1798,185)  (1798,158)  (1851,195)  (1852,144)  (1771,185)  (1771,158)  (1878,171)  (1878,198)  (1851,222)  (1879,144)  (1881,225)  (1744,185)  (1744,158)  (1905,171)  (1905,198)  (1854,249)  (1906,144)  (1908,225)  (1908,252)  (1881,252)  (1932,171)  (1932,198)  (1854,276)  (1933,144)  (1925,279)  (1898,279)  (1959,171)  (1959,198)  (1960,144)  (1986,171)  (1986,198)  (1987,144)  (1998,225)  (2013,171)  (2013,198)  (2014,144)  (2021,252)  (2025,225)  (2040,171)  (2040,198)  (2041,144)  (2048,252)  (2052,225)  (2067,171)  (2067,198)  (2068,144)  (2075,252)  (2079,225)  (2082,279)  (2094,171)  (2094,198) 
Portugal  (646,617)  (656,644)  (648,590)  (644,671) 
North Korea  (2144,574)  (2170,601)  (2171,557)  (2198,535) 
Greece  (1051,607)  (1077,634)  (1078,661) 
Mongolia  (1910,477)  (1883,501)  (1883,474)  (1936,504)  (1910,450)  (1937,450)  (1937,477)  (1879,447)  (1856,497)  (1963,504)  (1964,445)  (1964,472)  (1852,470)  (1852,443)  (1990,499)  (1991,445)  (1991,472)  (2018,440)  (2018,467) 
Sea of Okhtosk  (2368,350)  (2341,376)  (2341,349)  (2394,377)  (2368,323)  (2395,348)  (2339,322)  (2367,403)  (2340,403)  (2314,356)  (2421,404)  (2394,404)  (2312,329)  (2312,302)  (2448,428)  (2475,404)  (2482,298)  (2483,372)  (2488,271)  (2493,325)  (2502,399)  (2502,426)  (2509,298)  (2510,352)  (2515,260)  (2520,325)  (2542,233)  (2563,155)  (2564,182)  (2590,143)  (2591,170) 
Morocco  (709,807)  (682,826)  (730,834)  (713,780)  (740,781) 
Bay of Biscay  (619,498)  (592,524)  (592,497)  (629,525)  (619,471)  (646,471)  (646,498)  (592,470)  (602,551)  (673,462)  (673,489)  (616,578)  (700,462)  (700,489)  (725,516)  (614,605)  (727,475)  (608,632) 
Iran  (1382,681)  (1355,679)  (1382,654)  (1409,680)  (1415,707)  (1435,734)  (1436,672)  (1442,699)  (1461,761)  (1462,726)  (1463,670)  (1488,753) 
Iraq  (1343,746)  (1369,773)  (1342,773)  (1327,719)  (1354,719)  (1370,746) 
Okinawa Sea Zone  (2233,818)  (2233,845)  (2233,872)  (2233,899)  (2260,818)  (2260,845)  (2260,872)  (2260,899)  (2287,818)  (2287,903)  (2313,873)  (2314,818)  (2314,900)  (2323,845)  (2340,872)  (2341,818)  (2341,899)  (2350,845)  (2367,872)  (2368,818)  (2368,899)  (2377,845)  (2394,872)  (2395,818)  (2395,899)  (2404,845) 
Chile  (165,1503) 
West Indies  (177,900) 
Ukraine  (1185,443)  (1211,470)  (1184,470)  (1172,416)  (1199,416)  (1212,443)  (1226,402)  (1238,470)  (1234,497)  (1207,497)  (1239,429)  (1253,396)  (1265,456) 
French West Africa  (672,961)  (645,975)  (645,948)  (698,988)  (672,934)  (699,934)  (699,961)  (642,921)  (671,1002)  (725,988)  (725,1015)  (698,1015)  (669,907)  (696,907)  (723,907)  (726,934)  (726,961)  (634,894)  (671,1029)  (752,988)  (752,1015)  (752,1042)  (725,1042)  (698,1042)  (661,880)  (688,880)  (753,918)  (753,945)  (671,1056)  (644,1068)  (779,972)  (779,999)  (779,1026)  (779,1053)  (752,1069)  (725,1069)  (698,1069)  (660,853)  (780,918)  (780,945)  (790,1080)  (671,1083)  (644,1095)  (806,972)  (806,999)  (806,1026)  (806,1053)  (763,1096)  (736,1096)  (709,1096)  (807,899)  (807,926) 
India  (1612,861)  (1585,886)  (1585,859)  (1638,888)  (1612,834)  (1639,834)  (1639,861)  (1582,832)  (1611,913)  (1558,871)  (1665,888)  (1665,915)  (1638,915)  (1609,807)  (1636,807)  (1663,807)  (1666,834)  (1666,861)  (1575,805)  (1690,783)  (1611,940)  (1692,888)  (1692,915)  (1692,942)  (1665,942)  (1638,942)  (1602,780)  (1629,780)  (1656,780)  (1693,810)  (1693,837)  (1575,778)  (1611,967)  (1719,864)  (1719,891)  (1719,918)  (1687,969)  (1660,969)  (1604,753)  (1631,753)  (1658,753)  (1720,799)  (1720,826)  (1633,994)  (1606,994)  (1746,853)  (1746,880)  (1746,907)  (1682,996)  (1629,726)  (1656,726)  (1747,825) 
North Atlantic 2  (369,730)  (395,757)  (368,757)  (347,703)  (374,703)  (396,730)  (401,698)  (422,757)  (422,784)  (395,784)  (368,784)  (347,676)  (374,676)  (423,725)  (401,671)  (428,671)  (428,698)  (449,752)  (449,779)  (449,806)  (422,811)  (395,811)  (368,811)  (450,725)  (455,662)  (455,689)  (476,752)  (476,779)  (476,806)  (425,838)  (398,838)  (371,838)  (477,716)  (482,662)  (482,689)  (425,865)  (398,865)  (371,865)  (425,892)  (398,892)  (371,892)  (425,919)  (398,919)  (371,919)  (425,946)  (398,946)  (371,946) 
North Atlantic 1  (496,558)  (522,585)  (495,585)  (478,531)  (505,531)  (523,558)  (532,522)  (549,585)  (549,612)  (522,612)  (495,612)  (478,504)  (505,504)  (550,549)  (532,495)  (559,495)  (559,522)  (478,477)  (505,477)  (532,468)  (559,468) 
Maldives  (1734,1215) 
Turkey  (1175,666)  (1202,640)  (1202,667)  (1229,624)  (1229,651)  (1229,678)  (1256,621)  (1256,648)  (1256,675)  (1283,631)  (1283,658)  (1310,635)  (1310,662) 
New Guinea Sea Zone  (2183,1218)  (2183,1245)  (2183,1272)  (2210,1227)  (2210,1254)  (2210,1281)  (2222,1317)  (2225,1168)  (2237,1236)  (2237,1263)  (2237,1290)  (2249,1317)  (2252,1168)  (2264,1267)  (2276,1294)  (2279,1168)  (2303,1280)  (2303,1307)  (2306,1168)  (2330,1269)  (2330,1296)  (2333,1168)  (2341,1195)  (2357,1289)  (2357,1316)  (2360,1168)  (2368,1195)  (2378,1222)  (2384,1296)  (2386,1249)  (2387,1168)  (2395,1195) 
Caroline Islands  (2336,1074)  (2351,1047)  (2363,1074)  (2378,1044) 
South Africa  (1039,1577)  (1012,1603)  (1012,1576)  (1065,1604)  (1039,1550)  (1066,1550)  (1066,1577)  (1010,1549)  (1038,1630)  (1092,1604)  (1092,1631)  (1065,1631)  (1037,1523)  (1064,1523)  (1091,1523)  (1093,1550)  (1093,1577)  (983,1567)  (1118,1498)  (1119,1604)  (1119,1631)  (1119,1658)  (1092,1658)  (1065,1658)  (1082,1496)  (1120,1525)  (1120,1552)  (1116,1471)  (1143,1471)  (1145,1498)  (1146,1579)  (1146,1606)  (1146,1633)  (1116,1685)  (1089,1685)  (1062,1685)  (1147,1525)  (1147,1552)  (1173,1592)  (1173,1619)  (1094,1712)  (1067,1712) 
South Atlantic  (589,1546)  (562,1572)  (562,1545)  (615,1573)  (589,1519)  (616,1519)  (616,1546)  (560,1518)  (588,1599)  (561,1599)  (535,1572)  (535,1545)  (642,1573)  (642,1600)  (615,1600)  (534,1600)  (587,1492)  (614,1492)  (641,1492)  (643,1519)  (643,1546)  (533,1518)  (533,1491)  (560,1491)  (668,1467)  (588,1626)  (561,1626)  (669,1573)  (669,1600)  (669,1627)  (642,1627)  (615,1627)  (534,1627)  (670,1494)  (670,1521)  (695,1467)  (696,1548)  (696,1575)  (696,1602)  (696,1629)  (697,1494)  (697,1521)  (722,1467)  (723,1548)  (723,1575)  (723,1602)  (723,1629)  (724,1494)  (724,1521)  (749,1467)  (750,1548)  (750,1575)  (750,1602)  (750,1629) 
Coral Sea  (2208,1347)  (2181,1324)  (2231,1374)  (2204,1374)  (2280,1347)  (2297,1374)  (2307,1347)  (2102,1317)  (2314,1401)  (2324,1374)  (2334,1347)  (2080,1344)  (2339,1428)  (2341,1401)  (2351,1374)  (2358,1455)  (2361,1347)  (2366,1428)  (2368,1401)  (2374,1482)  (2378,1374)  (2385,1455)  (2387,1509)  (2388,1347)  (2393,1428)  (2395,1401)  (2396,1536)  (2400,1563)  (2400,1590)  (2400,1617)  (2400,1644)  (2373,1652)  (2400,1671)  (2373,1679)  (2143,1688)  (2400,1698)  (2346,1704)  (2373,1706)  (2158,1715)  (2400,1725)  (2346,1731)  (2373,1733)  (2184,1742)  (2157,1742)  (2400,1752)  (2211,1754)  (2319,1756)  (2346,1758)  (2373,1760) 
Marcus Island Sea Zone  (2522,458)  (2522,485)  (2522,512)  (2522,539)  (2522,566)  (2522,593)  (2522,620)  (2522,647)  (2522,674)  (2522,701)  (2522,728)  (2522,755)  (2522,782)  (2549,458)  (2549,485)  (2549,512)  (2549,539)  (2549,566)  (2549,593)  (2549,620)  (2549,647)  (2549,695)  (2549,722)  (2549,749)  (2549,776)  (2576,458)  (2576,485)  (2576,512)  (2576,539)  (2576,566)  (2576,593)  (2576,620)  (2576,703)  (2576,730)  (2576,757)  (2576,784)  (2598,647)  (2601,674)  (2603,458)  (2603,485)  (2603,512)  (2603,539)  (2603,566)  (2603,593)  (2603,620)  (2603,701)  (2603,728)  (2603,755)  (2603,782)  (2625,647)  (2628,674) 
Peru  (119,1279)  (106,1252)  (146,1262)  (146,1289)  (170,1316)  (86,1225)  (113,1225)  (173,1262)  (173,1289)  (197,1316)  (72,1198)  (200,1272)  (224,1299)  (224,1326)  (251,1316) 
Turkmenistan  (1548,588)  (1521,614)  (1521,587)  (1574,615)  (1548,561)  (1575,561)  (1575,588)  (1519,560)  (1547,641)  (1520,641)  (1494,614)  (1494,587)  (1601,615)  (1601,642)  (1574,642)  (1493,642)  (1546,534)  (1602,542)  (1602,569)  (1492,560)  (1492,533)  (1519,533)  (1467,615)  (1467,588)  (1628,596)  (1628,623)  (1546,507)  (1465,561)  (1465,534)  (1488,506)  (1515,506)  (1438,541) 
Sea of Japan  (2289,758)  (2262,784)  (2262,757)  (2315,785)  (2289,731)  (2316,731)  (2316,758)  (2260,730)  (2235,790)  (2235,763)  (2342,785)  (2287,704)  (2314,704)  (2341,704)  (2343,731)  (2343,758)  (2233,736)  (2233,709)  (2260,703)  (2212,682)  (2368,679)  (2208,769)  (2369,785)  (2287,677)  (2314,677)  (2341,677)  (2370,706)  (2370,733)  (2206,742)  (2206,715)  (2239,676)  (2368,652)  (2395,652)  (2395,679)  (2396,760)  (2396,787)  (2266,650)  (2293,650)  (2320,650)  (2397,706)  (2397,733)  (2179,731)  (2227,649)  (2347,625)  (2374,625)  (2401,625)  (2422,652)  (2422,679)  (2423,760)  (2423,787)  (2254,623)  (2281,623)  (2308,623)  (2424,706)  (2424,733) 
Thailand  (1882,945)  (1906,972)  (1879,972)  (1887,918)  (1909,945)  (1914,913)  (1871,1049) 
Cyprus Sea Zone  (1099,794)  (1113,767)  (1126,713)  (1126,740)  (1126,794)  (1153,718)  (1153,779)  (1209,717) 
Falkland Island Sea Zone  (343,1633)  (343,1660)  (343,1687)  (343,1714)  (343,1741)  (370,1633)  (370,1660)  (370,1712)  (370,1739)  (397,1633)  (397,1716)  (397,1743)  (420,1660)  (424,1633)  (424,1713)  (424,1740)  (447,1660)  (451,1633)  (451,1699)  (451,1726)  (451,1753)  (474,1660)  (478,1633)  (478,1687)  (478,1714)  (478,1741) 
Sichuan  (1931,759)  (1904,770)  (1904,743)  (1957,786)  (1931,732)  (1958,732)  (1958,759)  (1930,797)  (1926,705)  (1953,705)  (1980,705)  (1985,732)  (1985,759)  (1976,678)  (2012,740) 
Midway Island  (2704,653) 
Baltic States  (1051,298)  (1077,325)  (1050,325)  (1056,271)  (1078,298)  (1083,266)  (1104,325)  (1105,293)  (1110,249)  (1131,320)  (1132,276) 
Nigeria  (806,1137)  (806,1164)  (833,1110)  (833,1137)  (860,1107)  (860,1134)  (872,1161)  (887,1112) 
Eastern Siberia  (2205,253)  (2178,279)  (2178,252)  (2231,280)  (2205,226)  (2232,226)  (2232,253)  (2176,225)  (2204,306)  (2177,306)  (2258,280)  (2249,307)  (2203,199)  (2230,199)  (2257,199)  (2259,226)  (2259,253)  (2160,198)  (2284,174)  (2222,333)  (2195,333)  (2168,333)  (2187,172)  (2214,172)  (2241,172)  (2286,201)  (2286,228)  (2286,255)  (2160,171)  (2249,345)  (2268,147)  (2295,147)  (2311,174)  (2222,360)  (2195,360)  (2187,145)  (2214,145)  (2241,145)  (2313,201)  (2313,228)  (2313,255)  (2281,365)  (2322,144)  (2254,372)  (2338,171)  (2340,198)  (2340,225)  (2340,252)  (2296,392)  (2349,144)  (2269,399) 
United Kingdom  (754,344)  (727,370)  (727,343)  (780,371)  (756,317)  (781,344)  (761,290)  (754,263)  (745,236)  (772,226)  (772,199) 
French Equatorial Africa  (884,1006)  (857,1032)  (857,1005)  (910,1033)  (884,979)  (911,979)  (911,1006)  (855,978)  (883,1059)  (856,1059)  (937,1033)  (937,1060)  (910,1060)  (882,952)  (938,969)  (938,996)  (836,951)  (964,1023)  (964,1050)  (964,1077)  (863,925)  (965,985)  (836,924)  (981,1104)  (954,1104)  (991,1012)  (991,1039)  (991,1066)  (836,897)  (1008,1093)  (1008,1120)  (981,1131)  (954,1131)  (927,1138)  (1020,1147)  (1035,1083)  (1035,1110)  (993,1158)  (966,1158)  (939,1165)  (912,1165) 
Switzerland  (900,527) 
Peru Sea Zone  (58,1426)  (31,1452)  (31,1425)  (84,1453)  (58,1399)  (85,1399)  (85,1426)  (29,1398)  (57,1479)  (30,1479)  (4,1452)  (4,1425)  (111,1453)  (111,1480)  (84,1480)  (3,1480)  (56,1372)  (83,1372)  (110,1372)  (112,1399)  (112,1426)  (2,1398)  (2,1371)  (29,1371)  (137,1347)  (57,1506)  (30,1506)  (138,1453)  (138,1480)  (138,1507)  (111,1507)  (84,1507)  (3,1507)  (56,1345)  (83,1345)  (110,1345)  (139,1374)  (139,1401)  (0,1344)  (27,1344)  (57,1533)  (30,1533)  (142,1534)  (115,1534)  (88,1534)  (3,1534)  (54,1318)  (81,1318)  (108,1318)  (0,1317)  (27,1317) 
Spain  (697,603)  (723,630)  (696,630)  (691,576)  (718,576)  (724,603)  (745,569)  (750,630)  (750,657)  (723,657)  (696,657)  (690,549)  (717,549)  (751,596)  (777,623) 
Venezuela  (172,1092)  (199,1077)  (199,1104)  (169,1065)  (226,1087)  (262,1103) 
Off-Map  (2864,1555)  (2837,1581)  (2837,1554)  (2890,1582)  (2864,1528)  (2891,1528)  (2891,1555)  (2835,1527)  (2863,1608)  (2836,1608)  (2810,1581)  (2810,1554)  (2917,1582)  (2917,1609)  (2890,1609)  (2809,1609)  (2862,1501)  (2889,1501)  (2916,1501)  (2918,1528)  (2918,1555)  (2808,1527)  (2808,1500)  (2835,1500)  (2943,1476)  (2863,1635)  (2836,1635)  (2783,1582)  (2783,1555)  (2944,1582)  (2944,1609)  (2944,1636)  (2917,1636)  (2890,1636)  (2809,1636)  (2782,1636)  (2782,1609)  (2862,1474)  (2889,1474)  (2916,1474)  (2945,1503)  (2945,1530)  (2781,1528)  (2781,1501)  (2781,1474)  (2808,1473)  (2835,1473)  (2943,1449)  (2970,1449)  (2970,1476)  (2863,1662)  (2836,1662)  (2756,1582)  (2756,1555) 
East China Sea  (2119,808)  (2138,777)  (2123,835)  (2146,804)  (2143,750)  (2165,777)  (2099,862)  (2072,873)  (2045,893)  (2046,920) 
Timor Sea  (1877,1387)  (1903,1414)  (1876,1414)  (1862,1360)  (1889,1360)  (1904,1387)  (1916,1357)  (1930,1414)  (1909,1441)  (1882,1441)  (1931,1384)  (1943,1357)  (1957,1411)  (1898,1468)  (1871,1468)  (1958,1384)  (1970,1357)  (1898,1495)  (1871,1495)  (1985,1384)  (1997,1357)  (1907,1522)  (1880,1522)  (1898,1549)  (1871,1549)  (1913,1576)  (1886,1576)  (1911,1603)  (1884,1603)  (1908,1630)  (1881,1630)  (1913,1657)  (1886,1657) 
The Urals  (1773,249)  (1746,275)  (1746,248)  (1799,276)  (1773,222)  (1800,222)  (1800,249)  (1744,221) 
Queensland  (2131,1421)  (2104,1447)  (2104,1420)  (2157,1448)  (2131,1394)  (2158,1394)  (2158,1421)  (2102,1393)  (2184,1448)  (2129,1367)  (2156,1367)  (2185,1411)  (2211,1438)  (2133,1340)  (2238,1426)  (2238,1453)  (2265,1411)  (2265,1438)  (2292,1433)  (2292,1460) 
Indochina  (1932,1006)  (1954,979)  (1942,1033)  (1954,952)  (1954,925)  (1947,889)  (1932,862)  (1959,862)  (1942,835)  (1969,835) 
South Georgia Sea Zone  (518,1663)  (518,1690)  (518,1717)  (518,1744)  (545,1663)  (545,1690)  (545,1717)  (545,1744)  (572,1663)  (572,1712)  (572,1739)  (599,1663)  (599,1734)  (599,1761)  (623,1690)  (626,1663)  (626,1734)  (626,1761)  (650,1690)  (653,1663)  (653,1717)  (653,1744)  (677,1690)  (680,1663)  (680,1717)  (680,1744)  (704,1690)  (707,1663)  (707,1717)  (707,1744)  (731,1690)  (734,1663)  (734,1717)  (734,1744)  (758,1690)  (761,1663)  (761,1717)  (761,1744)  (785,1690)  (788,1663)  (788,1717)  (788,1744)  (812,1690) 
Midway Island Sea Zone  (2673,458)  (2673,485)  (2673,512)  (2673,539)  (2673,566)  (2673,593)  (2673,620)  (2673,647)  (2673,674)  (2673,701)  (2673,728)  (2673,755)  (2673,782)  (2700,458)  (2700,485)  (2700,512)  (2700,539)  (2700,566)  (2700,593)  (2700,620)  (2700,684)  (2700,711)  (2700,738)  (2700,765)  (2727,458)  (2727,485)  (2727,512)  (2727,539)  (2727,566)  (2727,593)  (2727,620)  (2727,673)  (2727,700)  (2727,727)  (2727,754)  (2727,781)  (2754,458)  (2754,485)  (2754,512)  (2754,539)  (2754,566)  (2754,593)  (2754,620)  (2754,647)  (2754,674)  (2754,701)  (2754,728)  (2754,755)  (2754,782)  (2781,458)  (2781,485)  (2781,512)  (2781,539)  (2781,566)  (2781,593)  (2781,620)  (2781,647)  (2781,674)  (2781,701)  (2781,728)  (2781,755)  (2781,782) 
South Georgia  (599,1701) 
Guam Sea Zone  (2438,818)  (2438,845)  (2438,872)  (2438,899)  (2465,818)  (2465,845)  (2465,872)  (2465,899)  (2492,818)  (2492,845)  (2492,903)  (2519,818)  (2519,903)  (2538,876)  (2546,818)  (2546,845)  (2546,903)  (2565,872)  (2573,818)  (2573,845)  (2573,899)  (2592,872)  (2600,818)  (2600,845)  (2600,899)  (2619,872) 
Great Lakes  (117,561) 
Rio de Oro  (619,1018)  (610,974)  (610,947) 
Canary Islands  (531,911) 
South Korea  (2169,658) 
Mozambique  (1193,1492)  (1219,1519)  (1192,1519)  (1220,1479)  (1227,1448)  (1191,1546)  (1238,1421)  (1254,1448)  (1265,1410) 
Galapagos Sea Zone  (2977,815)  (2977,842)  (2977,869)  (2977,896)  (2977,923)  (2977,950)  (2977,977)  (2977,1004)  (2978,1031)  (2978,1058)  (2978,1085)  (2978,1112)  (2978,1139)  (2978,1166)  (3004,852)  (3004,879)  (3004,906)  (3004,933)  (3004,960)  (3004,987)  (3005,1014)  (3005,1041)  (3005,1162)  (3027,1068)  (3031,882)  (3031,909)  (3031,936)  (3031,963)  (3032,990)  (3032,1017)  (3032,1163)  (3054,1044)  (3054,1071)  (3058,886)  (3058,913)  (3058,940)  (3059,967)  (3059,994)  (3059,1147)  (3059,1174)  (3072,1098)  (3081,1021)  (3081,1048)  (3085,938)  (3086,965)  (3086,992)  (3086,1147)  (3086,1174)  (3099,1075)  (3099,1102)  (3108,1019)  (3108,1046) 
Guam  (2507,869) 
Borneo Sea Zone  (1987,1184)  (2014,1208)  (2022,1118)  (2041,1213)  (2048,1240)  (2068,1212)  (2075,1239)  (2077,1266)  (2102,1229)  (2104,1256)  (2104,1283)  (2106,1093)  (2107,1133)  (2129,1223)  (2131,1250)  (2131,1277)  (2133,1093)  (2134,1120)  (2138,1177) 
Bering Strait  (2561,410)  (2547,383)  (2588,398)  (2588,425)  (2574,360)  (2547,356)  (2615,398)  (2615,425)  (2601,349)  (2574,333)  (2547,329)  (2642,393)  (2642,420)  (2574,306)  (2547,302)  (2669,381)  (2669,408)  (2574,279)  (2696,359)  (2696,386)  (2696,413)  (2601,267)  (2589,240)  (2616,214)  (2625,187)  (2652,177)  (2655,150) 
Malta Sea Zone  (942,743)  (948,772)  (979,791)  (984,743)  (1006,770)  (1006,797)  (1011,743)  (1033,770)  (1033,797)  (1038,743)  (1060,770)  (1065,743) 
Inner Mongolia  (1932,574)  (1905,600)  (1905,573)  (1958,601)  (1959,548)  (1906,546)  (1985,575)  (1985,602)  (1986,539)  (1986,629)  (2012,566)  (2012,593)  (2013,529) 
Japan  (2260,671)  (2287,666)  (2287,693)  (2314,640)  (2325,613)  (2341,640)  (2351,575)  (2352,602)  (2368,629)  (2378,566)  (2348,511)  (2375,491)  (2402,486)  (2429,476)  (2371,464) 
Ceylon  (1726,1105) 
Red Sea  (1220,922)  (1239,949)  (1247,905)  (1213,895)  (1266,932)  (1266,959)  (1203,868)  (1276,986)  (1303,1012)  (1276,1013)  (1321,1039)  (1326,1066) 
Belarus  (1195,320)  (1221,347)  (1194,347)  (1172,293)  (1199,293)  (1222,320)  (1226,289)  (1248,347)  (1249,316)  (1253,284) 
Tanganyika  (1142,1266)  (1115,1292)  (1168,1293)  (1140,1239)  (1167,1239)  (1169,1266)  (1194,1214)  (1088,1307)  (1195,1293)  (1195,1320)  (1168,1320)  (1196,1241)  (1171,1187)  (1198,1187)  (1221,1214)  (1222,1268)  (1222,1295)  (1222,1322)  (1223,1241)  (1224,1349)  (1225,1183)  (1179,1160)  (1249,1268)  (1250,1225)  (1228,1376)  (1206,1156) 
New Zealand  (2593,1596) 
Rhodesia  (1109,1394)  (1135,1421)  (1108,1421)  (1097,1367)  (1124,1367)  (1136,1394)  (1151,1363)  (1162,1421)  (1095,1340)  (1122,1340)  (1163,1390)  (1185,1448)  (1189,1417)  (1190,1368) 
Icecap  (347,49)  (320,75)  (320,48)  (373,76)  (347,22)  (374,22)  (374,49)  (318,21)  (346,102)  (319,102)  (293,75)  (293,48)  (400,76)  (400,103)  (373,103)  (292,103)  (401,0)  (401,27)  (291,21)  (266,76)  (266,49)  (427,54)  (427,81)  (265,105)  (428,0)  (428,27)  (264,22)  (239,78)  (239,51)  (454,54)  (454,81)  (238,105)  (455,0)  (455,27)  (237,24)  (212,78)  (212,51)  (481,54)  (481,81)  (211,105)  (482,0)  (482,27)  (210,24)  (185,78)  (185,51)  (508,54)  (508,81)  (184,105)  (509,0)  (509,27)  (183,24) 
Baykal  (1998,347)  (1971,373)  (1971,346)  (2024,374)  (1998,320)  (2025,320)  (2025,347)  (1969,319)  (1997,400)  (1970,400)  (2051,374)  (2051,401)  (2024,401)  (1996,293)  (2052,303)  (2052,330)  (1952,292)  (2078,357)  (2078,384)  (2078,411)  (2079,317)  (1952,265)  (2081,438)  (2105,344)  (2105,371)  (2106,317)  (1952,238) 
Barents Sea  (802,71)  (775,97)  (775,70)  (828,98)  (802,44)  (829,44)  (829,71)  (773,43)  (748,105)  (748,78)  (855,98)  (800,17)  (827,17)  (854,17)  (856,44)  (856,71)  (746,51)  (746,24)  (773,16)  (881,0)  (721,105)  (721,78)  (882,98)  (883,27)  (883,54)  (719,51)  (719,24)  (908,0)  (694,105)  (694,78)  (909,81)  (910,27)  (910,54)  (692,51)  (692,24)  (935,0)  (936,81)  (937,27)  (937,54)  (962,0)  (963,81)  (964,27)  (964,54)  (989,0)  (991,27)  (991,54)  (1016,0)  (1018,27)  (1043,0)  (1045,27)  (1070,0) 
Antilles  (327,1046) 
Angola Sea Zone  (869,1599)  (842,1625)  (842,1598)  (895,1626)  (869,1572)  (896,1572)  (896,1599)  (841,1571)  (868,1652)  (841,1652)  (922,1626)  (922,1653)  (895,1653)  (868,1545)  (895,1545)  (922,1545)  (923,1572)  (923,1599)  (868,1679)  (841,1679)  (949,1626)  (949,1653)  (949,1680)  (922,1680)  (895,1680)  (842,1518)  (869,1518)  (896,1518)  (923,1518)  (950,1588)  (868,1706)  (841,1706)  (976,1619)  (976,1646)  (976,1673)  (976,1700)  (949,1707)  (922,1707)  (895,1707)  (842,1491)  (869,1491)  (896,1491)  (923,1491)  (996,1727)  (868,1733)  (841,1733)  (1003,1661)  (1003,1688)  (969,1734)  (942,1734)  (915,1734) 
Ontario  (78,497)  (51,520)  (51,493)  (78,470)  (105,470)  (105,497)  (46,466)  (120,524)  (24,520)  (24,493)  (73,443)  (100,443)  (132,453)  (132,480)  (19,466)  (19,439)  (46,439)  (142,551)  (147,507)  (0,412)  (27,412)  (54,412)  (166,578)  (169,534)  (174,481)  (0,385)  (27,385)  (193,561)  (196,508)  (201,477)  (0,358)  (220,535)  (220,562)  (223,504)  (0,331)  (247,531)  (27,324)  (0,304)  (27,297)  (0,277)  (54,277)  (27,270)  (81,260)  (0,250)  (54,250)  (27,243)  (81,233)  (108,231)  (135,226)  (0,223)  (27,216) 
Ethiopia  (1290,1144)  (1263,1170)  (1263,1143)  (1316,1171)  (1290,1117)  (1317,1117)  (1317,1144)  (1261,1116)  (1289,1197)  (1343,1171)  (1333,1198)  (1344,1117)  (1344,1144)  (1234,1093)  (1261,1089)  (1306,1224)  (1371,1111)  (1371,1138)  (1246,1062) 
New Hebrides  (2515,1376) 
Egypt  (1117,894)  (1090,920)  (1090,893)  (1143,921)  (1117,867)  (1144,867)  (1144,894)  (1088,866)  (1116,947)  (1089,947)  (1170,921)  (1170,948)  (1143,948)  (1115,840)  (1142,840)  (1171,882)  (1088,839) 
North Sea  (820,280)  (846,307)  (819,307)  (799,253)  (826,253)  (847,280)  (853,247)  (873,307)  (873,334)  (846,334)  (824,226)  (851,220)  (845,193)  (872,179)  (899,160)  (892,133)  (919,133) 
Baltic Sea  (1008,240)  (1018,267)  (1004,294)  (998,321) 
Malta  (977,770) 
Orel  (1296,323)  (1322,350)  (1295,350)  (1287,296)  (1314,296)  (1323,323)  (1341,278)  (1349,350)  (1349,377)  (1322,377)  (1295,377)  (1307,269)  (1350,305)  (1359,251)  (1368,278)  (1376,332)  (1376,359)  (1377,305) 
Saudi Arabia  (1376,904)  (1349,930)  (1349,903)  (1402,931)  (1376,877)  (1403,877)  (1403,904)  (1347,876)  (1375,957)  (1348,957)  (1322,930)  (1322,903)  (1429,931)  (1429,958)  (1402,958)  (1321,958)  (1374,850)  (1401,850)  (1430,861)  (1430,888)  (1328,849)  (1375,984)  (1348,984)  (1295,917)  (1456,915)  (1421,985)  (1363,823)  (1390,823)  (1457,878)  (1394,1011)  (1367,1011)  (1378,1038) 
Pakistan  (1505,804)  (1529,777)  (1532,804)  (1594,712) 
Ireland  (639,294)  (656,267)  (666,294) 
Hawaiian Islands  (2855,954) 
France  (790,498)  (763,524)  (763,472)  (816,525)  (790,471)  (817,471)  (817,498)  (789,551)  (843,525)  (843,552)  (816,552)  (771,444)  (798,444)  (825,444)  (844,471)  (844,498)  (839,579)  (812,579)  (826,417)  (853,404) 
Burma  (1806,907)  (1826,934)  (1831,880)  (1833,907)  (1850,961)  (1832,853)  (1858,880)  (1859,852)  (1842,825)  (1869,825)  (1886,852)  (1896,815)  (1854,798)  (1867,771) 
Baffin Bay/Hudson Bay  (242,198)  (215,224)  (215,197)  (268,225)  (242,171)  (269,171)  (269,198)  (213,170)  (241,251)  (214,251)  (295,225)  (295,252)  (268,252)  (187,252)  (240,144)  (267,144)  (294,144)  (296,171)  (296,198)  (186,168)  (213,143)  (184,141)  (321,132)  (241,278)  (214,278)  (322,225)  (322,252)  (322,279)  (295,279)  (268,279)  (187,279)  (160,279)  (323,159)  (323,186)  (157,164)  (157,137)  (349,213)  (349,240)  (349,267)  (349,294)  (322,306)  (194,306)  (167,306)  (140,306)  (133,279)  (350,143)  (350,170)  (130,174)  (130,147)  (364,321)  (113,326) 
Italy Sea Zone  (926,649)  (953,663)  (905,622)  (926,676)  (974,690)  (878,618)  (986,608)  (947,703)  (1001,710)  (1013,623)  (1023,672)  (1028,699)  (1055,693) 
Mediterranean  (793,662)  (817,689)  (820,640)  (844,667)  (844,694)  (847,639)  (871,670)  (871,697) 
Norway  (907,224)  (904,251)  (911,197)  (938,193)  (945,166)  (972,149)  (966,122) 
Antilles Sea Zone  (293,993)  (293,1020)  (293,1047)  (293,1074)  (320,993)  (320,1087)  (340,1020)  (343,1047)  (347,993)  (347,1074)  (347,1101)  (363,1128)  (367,1020)  (370,1047)  (374,993)  (374,1074)  (374,1101)  (390,1128)  (394,1020)  (397,1047)  (401,993)  (401,1074)  (401,1101)  (415,1155)  (417,1128)  (421,1020)  (424,1047)  (428,993)  (428,1074)  (428,1101)  (442,1155)  (444,1128)  (448,1020)  (451,1047)  (455,993)  (455,1074)  (455,1101)  (469,1155)  (471,1128)  (475,1020)  (475,1182)  (478,1047)  (482,993)  (482,1074)  (482,1101) 
Marcus Island  (2578,674) 
Mexico  (3120,843)  (3093,869)  (3093,842)  (3146,870)  (3120,816)  (3147,837)  (3091,815)  (3119,896)  (3166,897)  (3064,818)  (3064,791)  (3139,923)  (3168,924)  (2992,764) 
Caribbean Sea  (89,946)  (111,973)  (74,919)  (101,919)  (116,946)  (128,907)  (138,973)  (138,1000)  (111,1000)  (65,892)  (92,892)  (143,934)  (27,889)  (119,880)  (146,880)  (155,907)  (165,961)  (165,988)  (165,1015)  (170,934)  (0,904)  (0,877)  (173,872)  (182,899)  (192,961)  (192,988)  (192,1015)  (197,926)  (200,872)  (207,1042)  (209,899)  (219,953)  (219,980)  (219,1007)  (224,926)  (227,872)  (234,1034)  (236,899)  (246,953)  (246,980)  (246,1007)  (251,926)  (254,872)  (254,1061)  (261,1034)  (263,899)  (273,953)  (278,926)  (281,872)  (290,899)  (300,953) 
Greenland  (418,164)  (391,165)  (391,138)  (444,191)  (418,137)  (445,137)  (445,164)  (417,192) 